1.42580927e+00 1.95512867e+00 1.14246269e+00 1.14137835e+00 1.12141787e+00 9.68745550e-01 2.27883430e+00 1.91375576e+00 2.08134849e+00 2.50790051e+00 2.17432538e+00 2.87785361e+00 1.86971617e+00 1.86969088e+00 1.77121734e+00
1.43353708e+00 1.79578011e+00 1.11026864e+00 1.14177557e+00 1.13316240e+00 9.94851993e-01 2.08006859e+00 2.18989974e+00 1.99462491e+00 2.11227855e+00 2.33178034e+00 2.71056799e+00 1.90033685e+00 1.97482099e+00 1.62061664e+00
1.42995239e+00 1.98558992e+00 1.33033987e+00 9.14965834e-01 1.11059125e+00 9.68473379e-01 2.18702488e+00 1.89359714e+00 2.12259807e+00 2.45645383e+00 2.26556540e+00 2.92421854e+00 2.03910361e+00 1.89844072e+00 1.58300602e+00
1.43562704e+00 1.80140468e+00 1.12676092e+00 1.12604825e+00 1.12137115e+00 6.80631655e-01 2.04365138e+00 2.04221461e+00 2.14267621e+00 2.23676895e+00 2.24351165e+00 2.70199460e+00 2.03402736e+00 1.74760213e+00 1.75018151e+00
1.42557957e+00 1.97430516e+00 1.31900040e+00 9.04330274e-01 1.10733341e+00 1.00238629e+00 2.23906499e+00 1.95477091e+00 2.07478998e+00 2.31408749e+00 2.37432590e+00 2.87124464e+00 1.83633556e+00 1.95306599e+00 1.64293144e+00
1.43123469e+00 1.78044309e+00 1.04673688e+00 1.03949849e+00 1.38576648e+00 9.99038752e-01 2.08588581e+00 2.07818903e+00 2.17908183e+00 2.18020255e+00 2.18702659e+00 2.93350676e+00 1.76766142e+00 1.94388474e+00 1.93762707e+00
1.41646657e+00 2.24962487e+00 1.11465701e+00 1.11406359e+00 1.10490798e+00 1.37600785e+00 2.09240872e+00 2.09090412e+00 2.05588734e+00 2.52696369e+00 2.53977578e+00 3.21259019e+00 1.81584488e+00 1.80226371e+00 1.80230362e+00
1.42602858e+00 1.95665188e+00 1.40302370e+00 8.13737087e-01 1.10025221e+00 9.68366295e-01 2.29834071e+00 1.89559840e+00 2.06997377e+00 2.48058277e+00 2.20880106e+00 2.86498759e+00 1.83261187e+00 2.02192402e+00 1.57805922e+00
1.32426065e+00 2.13720226e+00 1.11933857e+00 1.11885281e+00 1.10841259e+00 1.25834925e+00 2.04686781e+00 2.04603174e+00 1.94084092e+00 2.50572552e+00 2.51813527e+00 3.05841842e+00 1.82127279e+00 1.79650800e+00 1.79654852e+00
1.28919971e+00 1.80914705e+00 1.12039899e+00 1.11987085e+00 1.11650230e+00 9.66082885e-01 1.96872808e+00 1.97141696e+00 2.03179854e+00 2.15074814e+00 2.16531335e+00 2.80498603e+00 1.79652865e+00 1.80791150e+00 1.80861334e+00
1.43915868e+00 1.59685653e+00 1.11780837e+00 1.11730505e+00 1.11685214e+00 7.17250284e-01 2.13563099e+00 2.13264314e+00 1.99969319e+00 2.09672376e+00 2.10423147e+00 2.45705627e+00 1.88007439e+00 1.79607612e+00 1.79458620e+00
1.42642254e+00 1.97127351e+00 1.05709538e+00 1.04961903e+00 1.38984017e+00 9.72038854e-01 1.99177875e+00 1.98547928e+00 2.31555480e+00 2.31841919e+00 2.32440506e+00 3.14860415e+00 1.92160874e+00 1.90094492e+00 1.89869354e+00
1.43116232e+00 1.99718725e+00 1.14186127e+00 1.14100048e+00 1.12200562e+00 9.69099226e-01 2.02348292e+00 2.02161899e+00 2.14898365e+00 2.36565804e+00 2.37524121e+00 2.95469389e+00 2.12456368e+00 1.72940765e+00 1.73306258e+00
1.43278810e+00 1.99854061e+00 1.19745167e+00 1.20351024e+00 8.46230831e-01 9.65115737e-01 2.09097064e+00 2.09412040e+00 1.95338754e+00 2.39046272e+00 2.40394044e+00 2.71770819e+00 2.14661386e+00 1.60963849e+00 1.61767032e+00
1.42961617e+00 1.99953304e+00 1.11910153e+00 1.13780735e+00 1.12059887e+00 1.00229697e+00 2.03746694e+00 2.04458798e+00 2.13060659e+00 2.22739256e+00 2.51508585e+00 2.93354529e+00 2.03749942e+00 1.73654883e+00 1.76513174e+00
1.42875885e+00 1.96913148e+00 1.20093049e+00 1.20724152e+00 8.44759193e-01 9.65059321e-01 2.27078089e+00 2.02047793e+00 1.90110504e+00 2.49107467e+00 2.26396657e+00 2.65920066e+00 1.95330986e+00 1.71620666e+00 1.62935651e+00
1.41835920e+00 1.97846553e+00 1.31750705e+00 1.30477581e+00 1.21830526e+00 9.69787268e-01 2.19069688e+00 2.18019750e+00 2.20405148e+00 2.46174087e+00 2.46611924e+00 3.02000468e+00 2.33280028e+00 1.97989844e+00 1.97315222e+00
